  PID
    1
    2
    3
    4
    5
    6
    7
    8
    9
   10
   11
   12
   13
   14
   15
   16
   17
   18
   19
   20
   21
   22
   23
   24
   29
   30
   31
   32
   33
   34
   54
   55
   67
   74
  150
  887
  970
  971
 1009
 1010
 1283
 1433
 1456
 1468
 1549
 1551
 1552
 1599
 1617
 1630
 1659
 1667
 1680
 1690
 1691
 1712
 1720
 1724
 1788
 1820
 1853
 1862
 1871
 1887
 1889
 1891
 1900
 1915
 1922
 1979
 1990
 2003
 2004
 2005
 2006
 2007
 2008
 2101
 2104
 2105
 2153
 2155
 2175
 2253
 2256
 2281
 2346
 2361
 2392
 2393
 2429
 2431
 2441
 2443
 2447
 2450
 2452
 2465
 2469
 2471
 2474
 2475
 2476
 2478
 2479
 2490
 2492
 2497
 2498
 2499
 2504
 2506
 2507
 2509
 2510
 2519
 2523
 2526
 2528
 2531
 2537
 2540
 2543
 2546
 2549
 2588
 2994
 2995
 7012
 7616
 9869
10064
10067
10077
12685
13645
13749
13764
13819
13833
13834
13835
