   VSZ
  3920
     0
     0
     0
     0
     0
     0
     0
     0
     0
     0
     0
     0
     0
     0
     0
     0
     0
     0
     0
     0
     0
     0
     0
     0
     0
     0
     0
     0
     0
     0
     0
     0
 10808
     0
     0
     0
     0
     0
     0
     0
     0
 15824
 28368
 55888
  6016
 13876
141272
  3916
  3916
  3916
  3916
  3916
  3916
 50664
121316
     0
 66740
125828
122684
 33132
 71704
 46800
121536
 61708
 42688
 13380
 19840
 14748
288480
178824
 46052
 12056
 14992
  3764
281984
285988
604276
366688
  3900
380884
521268
246156
629696
692264
241548
123144
362564
341248
368008
133240
704012
297264
499912
538924
243804
207548
215752
201168
201168
201168
201168
201168
201168
203748
203748
203748
203748
269280
207544
141400
264468
267036
264364
405864
 42272
369528
401740
268052
368368
 72200
110040
148340
 76904
 47032
 42536
 58400
339708
412824
352152
250340
 10804
     0
     0
 10804
 21628
     0
525708
589488
1031908
224404
104868
     0
224652
 67372
     0
     0
391244
 18364
  3776
     0
 13380
412824
  8232
