%CPU
 0.0
 0.0
 1.0
 0.0
 0.0
 0.0
 0.1
 0.0
 0.0
 0.0
 0.0
 0.0
 0.0
 0.0
 0.0
 1.6
 0.0
 0.0
 0.0
 0.0
 0.0
 0.0
 0.0
 0.0
 0.0
 0.0
 0.0
 0.0
 0.0
 0.0
 0.4
 0.0
 0.0
 0.0
 0.0
 0.0
 0.0
 0.0
 0.0
 0.0
 0.0
 0.0
 0.0
 0.0
 0.0
 0.0
 0.0
 0.0
 0.0
 0.0
 0.0
 0.0
 0.0
 0.0
 0.0
 0.0
 0.0
 0.0
15.4
 0.0
 0.0
 0.0
 0.0
 0.0
 0.0
 0.0
 0.0
 0.0
 0.4
 0.1
 0.0
 0.0
 0.0
 0.0
 0.0
 0.0
 0.0
 0.1
 0.0
 0.0
 0.0
 3.8
 0.0
 2.2
 2.2
 0.0
 0.0
 0.0
 0.1
 0.0
 0.0
 0.2
 0.0
 0.6
 0.0
 0.0
 0.0
 0.0
 0.0
 0.0
 0.0
 0.0
 0.0
 0.0
 0.0
 0.0
 0.0
 0.0
 0.0
 0.0
 2.0
 0.0
 0.0
 0.0
 0.0
 0.0
 0.0
 0.0
 0.0
 0.0
 0.0
 0.0
 0.0
 0.0
 0.0
 0.0
 0.0
 0.0
 0.3
 0.2
 0.0
 0.0
 0.0
 1.6
 0.0
13.3
 0.0
 1.9
70.2
12.4
 4.3
24.0
 0.0
 0.3
 0.0
 0.2
 0.7
 2.0
 0.5
 0.0
 0.6
 1.0
 0.0
 0.0
