  RSS
  772
    0
    0
    0
    0
    0
    0
    0
    0
    0
    0
    0
    0
    0
    0
    0
    0
    0
    0
    0
    0
    0
    0
    0
    0
    0
    0
    0
    0
    0
    0
    0
    0
    0
  920
    0
    0
    0
    0
    0
    0
 2628
 2720
  236
  760
  744
 1920
 1808
  756
  736
    0
  504
 1712
 1408
  332
  580
 3920
 2136
 1100
 1004
  920
  872
 1468
 2136
 1232
 2964
 1492
    0
 1060
 1204
  340
 2016
  452
  448
  452
  452
  452
 1164
 2676
22096
 1716
 1532
  564
 2084
 1616
 2860
 2696
 7232
  560
 1420
 4344
 8752
19672
16368
 4980
 2680
 1944
 2288
24516
 3408
12328
 6872
 7872
 6144
10368
 2096
11972
 5896
14608
 8776
 6664
 5864
 6220
 2628
  504
13440
 9940
 2688
 2312
 2620
11532
13864
 8680
29556
 2152
 3508
16280
  588
 1668
 1652
  432
 1156
  432
  432
  432
 1268
64696
 3340
 1116
  748
