   SZ
  276
    0
    0
    0
    0
    0
    0
    0
    0
    0
    0
    0
    0
    0
    0
    0
    0
    0
    0
    0
    0
    0
    0
    0
    0
    0
    0
    0
    0
    0
    0
    0
    0
    0
  512
    0
    0
    0
    0
    0
    0
  844
  764
  240
10512
11516
  292
33700
  260
  256
    0
  272
11100
  256
  256
  244
  708
 6976
  248
  244
  244
  248
12064
10524
  288
  388
  244
    0
  492
  936
  248
  260
  244
  244
  244
  244
  244
  432
  384
14852
 1336
 1192
  244
  492
  352
  864
21812
12192
  244
10892
 2344
35020
21324
 4792
23536
  332
  264
33448
39516
33632
 4956
13144
 2020
 1752
 3016
  484
 2656
 1756
 6404
 2116
 1760
 1632
 1748
  500
  268
 3776
 2304
  400
 1068
  396
 3624
 3284
 1944
18396
  264
 1776
16636
  240
  396
  396
  116
  260
  116
  116
  116
  256
197568
11708
  260
  768
